0	1	2	3	4	5	6	7	8	9	10	11	12	13	14	15	16	17	18	19	20	21	22	23	24	25	26	27	28	29	30	31	
1	0	19	6	30	11	3	28	23	21	17	5	20	24	15	14	25	10	31	2	12	9	26	8	13	16	22	29	7	27	4	18	
2	19	0	20	7	31	12	4	29	24	22	18	6	21	25	16	15	26	11	1	3	13	10	27	9	14	17	23	30	8	28	5	
3	6	20	0	21	8	1	13	5	30	25	23	19	7	22	26	17	16	27	12	2	4	14	11	28	10	15	18	24	31	9	29	
4	30	7	21	0	22	9	2	14	6	31	26	24	20	8	23	27	18	17	28	13	3	5	15	12	29	11	16	19	25	1	10	
5	11	31	8	22	0	23	10	3	15	7	1	27	25	21	9	24	28	19	18	29	14	4	6	16	13	30	12	17	20	26	2	
6	3	12	1	9	23	0	24	11	4	16	8	2	28	26	22	10	25	29	20	19	30	15	5	7	17	14	31	13	18	21	27	
7	28	4	13	2	10	24	0	25	12	5	17	9	3	29	27	23	11	26	30	21	20	31	16	6	8	18	15	1	14	19	22	
8	23	29	5	14	3	11	25	0	26	13	6	18	10	4	30	28	24	12	27	31	22	21	1	17	7	9	19	16	2	15	20	
9	21	24	30	6	15	4	12	26	0	27	14	7	19	11	5	31	29	25	13	28	1	23	22	2	18	8	10	20	17	3	16	
10	17	22	25	31	7	16	5	13	27	0	28	15	8	20	12	6	1	30	26	14	29	2	24	23	3	19	9	11	21	18	4	
11	5	18	23	26	1	8	17	6	14	28	0	29	16	9	21	13	7	2	31	27	15	30	3	25	24	4	20	10	12	22	19	
12	20	6	19	24	27	2	9	18	7	15	29	0	30	17	10	22	14	8	3	1	28	16	31	4	26	25	5	21	11	13	23	
13	24	21	7	20	25	28	3	10	19	8	16	30	0	31	18	11	23	15	9	4	2	29	17	1	5	27	26	6	22	12	14	
14	15	25	22	8	21	26	29	4	11	20	9	17	31	0	1	19	12	24	16	10	5	3	30	18	2	6	28	27	7	23	13	
15	14	16	26	23	9	22	27	30	5	12	21	10	18	1	0	2	20	13	25	17	11	6	4	31	19	3	7	29	28	8	24	
16	25	15	17	27	24	10	23	28	31	6	13	22	11	19	2	0	3	21	14	26	18	12	7	5	1	20	4	8	30	29	9	
17	10	26	16	18	28	25	11	24	29	1	7	14	23	12	20	3	0	4	22	15	27	19	13	8	6	2	21	5	9	31	30	
18	31	11	27	17	19	29	26	12	25	30	2	8	15	24	13	21	4	0	5	23	16	28	20	14	9	7	3	22	6	10	1	
19	2	1	12	28	18	20	30	27	13	26	31	3	9	16	25	14	22	5	0	6	24	17	29	21	15	10	8	4	23	7	11	
20	12	3	2	13	29	19	21	31	28	14	27	1	4	10	17	26	15	23	6	0	7	25	18	30	22	16	11	9	5	24	8	
21	9	13	4	3	14	30	20	22	1	29	15	28	2	5	11	18	27	16	24	7	0	8	26	19	31	23	17	12	10	6	25	
22	26	10	14	5	4	15	31	21	23	2	30	16	29	3	6	12	19	28	17	25	8	0	9	27	20	1	24	18	13	11	7	
23	8	27	11	15	6	5	16	1	22	24	3	31	17	30	4	7	13	20	29	18	26	9	0	10	28	21	2	25	19	14	12	
24	13	9	28	12	16	7	6	17	2	23	25	4	1	18	31	5	8	14	21	30	19	27	10	0	11	29	22	3	26	20	15	
25	16	14	10	29	13	17	8	7	18	3	24	26	5	2	19	1	6	9	15	22	31	20	28	11	0	12	30	23	4	27	21	
26	22	17	15	11	30	14	18	9	8	19	4	25	27	6	3	20	2	7	10	16	23	1	21	29	12	0	13	31	24	5	28	
27	29	23	18	16	12	31	15	19	10	9	20	5	26	28	7	4	21	3	8	11	17	24	2	22	30	13	0	14	1	25	6	
28	7	30	24	19	17	13	1	16	20	11	10	21	6	27	29	8	5	22	4	9	12	18	25	3	23	31	14	0	15	2	26	
29	27	8	31	25	20	18	14	2	17	21	12	11	22	7	28	30	9	6	23	5	10	13	19	26	4	24	1	15	0	16	3	
30	4	28	9	1	26	21	19	15	3	18	22	13	12	23	8	29	31	10	7	24	6	11	14	20	27	5	25	2	16	0	17	
31	18	5	29	10	2	27	22	20	16	4	19	23	14	13	24	9	30	1	11	8	25	7	12	15	21	28	6	26	3	17	0	
