0	1
7	15
6	83
37	50
5	125
67	42
36	119
108	55
4	8
11	38
66	68
88	109
35	12
19	89
107	20
97	98
3	63
127	31
10	45
14	92
65	80
82	60
87	26
49	113
34	85
124	121
18	70
41	22
106	47
118	28
96	72
54	74
2	32
84	93
126	61
120	114
9	122
69	23
13	29
21	75
64	16
46	51
81	43
27	56
86	39
71	110
48	90
73	99
33	104
62	103
123	78
30	102
17	116
44	77
40	58
91	101
105	94
79	115
117	24
59	76
95	52
25	57
53	111
112	100
0	2
7	84
6	126
37	120
5	9
67	69
36	13
108	21
4	64
11	46
66	81
88	27
35	86
19	71
107	48
97	73
3	33
127	62
10	123
14	30
65	17
82	44
87	40
49	91
34	105
124	79
18	117
41	59
106	95
118	25
96	53
54	112
1	32
15	93
83	61
50	114
125	122
42	23
119	29
55	75
8	16
38	51
68	43
109	56
12	39
89	110
20	90
98	99
63	104
31	103
45	78
92	102
80	116
60	77
26	58
113	101
85	94
121	115
70	24
22	76
47	52
28	57
72	111
74	100
0	3
7	127
6	10
37	14
5	65
67	82
36	87
108	49
4	34
11	124
66	18
88	41
35	106
19	118
107	96
97	54
1	63
15	31
83	45
50	92
125	80
42	60
119	26
55	113
8	85
38	121
68	70
109	22
12	47
89	28
20	72
98	74
2	33
84	62
126	123
120	30
9	17
69	44
13	40
21	91
64	105
46	79
81	117
27	59
86	95
71	25
48	53
73	112
32	104
93	103
61	78
114	102
122	116
23	77
29	58
75	101
16	94
51	115
43	24
56	76
39	52
110	57
90	111
99	100
0	4
7	11
6	66
37	88
5	35
67	19
36	107
108	97
1	8
15	38
83	68
50	109
125	12
42	89
119	20
55	98
3	34
127	124
10	18
14	41
65	106
82	118
87	96
49	54
63	85
31	121
45	70
92	22
80	47
60	28
26	72
113	74
2	64
84	46
126	81
120	27
9	86
69	71
13	48
21	73
32	16
93	51
61	43
114	56
122	39
23	110
29	90
75	99
33	105
62	79
123	117
30	59
17	95
44	25
40	53
91	112
104	94
103	115
78	24
102	76
116	52
77	57
58	111
101	100
0	5
7	67
6	36
37	108
1	125
15	42
83	119
50	55
4	35
11	19
66	107
88	97
8	12
38	89
68	20
109	98
3	65
127	82
10	87
14	49
63	80
31	60
45	26
92	113
34	106
124	118
18	96
41	54
85	47
121	28
70	72
22	74
2	9
84	69
126	13
120	21
32	122
93	23
61	29
114	75
64	86
46	71
81	48
27	73
16	39
51	110
43	90
56	99
33	17
62	44
123	40
30	91
104	116
103	77
78	58
102	101
105	95
79	25
117	53
59	112
94	52
115	57
24	111
76	100
0	6
7	37
1	83
15	50
5	36
67	108
125	119
42	55
4	66
11	88
8	68
38	109
35	107
19	97
12	20
89	98
3	10
127	14
63	45
31	92
65	87
82	49
80	26
60	113
34	18
124	41
85	70
121	22
106	96
118	54
47	72
28	74
2	126
84	120
32	61
93	114
9	13
69	21
122	29
23	75
64	81
46	27
16	43
51	56
86	48
71	73
39	90
110	99
33	123
62	30
104	78
103	102
17	40
44	91
116	58
77	101
105	117
79	59
94	24
115	76
95	53
25	112
52	111
57	100
0	7
1	15
6	37
83	50
5	67
125	42
36	108
119	55
4	11
8	38
66	88
68	109
35	19
12	89
107	97
20	98
3	127
63	31
10	14
45	92
65	82
80	60
87	49
26	113
34	124
85	121
18	41
70	22
106	118
47	28
96	54
72	74
2	84
32	93
126	120
61	114
9	69
122	23
13	21
29	75
64	46
16	51
81	27
43	56
86	71
39	110
48	73
90	99
33	62
104	103
123	30
78	102
17	44
116	77
40	91
58	101
105	79
94	115
117	59
24	76
95	25
52	57
53	112
111	100
