0	1
10	325
9	617
86	435
8	1021
162	38
85	198
964	575
7	21
17	210
161	49
625	488
84	322
332	765
963	857
238	988
6	514
314	849
16	671
30	567
160	614
895	424
624	646
408	416
83	676
206	797
331	529
93	345
962	432
701	930
237	903
442	814
5	309
518	101
313	756
263	353
15	1018
523	665
29	1012
777	294
159	214
45	801
894	805
282	735
623	35
169	395
407	637
57	1000
82	259
556	822
205	792
390	450
330	195
106	838
92	300
685	144
961	938
484	731
700	709
582	718
236	572
865	455
441	783
971	543
4	11
24	87
517	163
679	965
312	18
217	626
262	333
941	239
14	315
318	31
522	896
560	409
28	207
658	94
776	702
137	443
158	519
654	264
44	524
632	778
893	46
466	283
281	170
495	58
622	557
761	391
168	107
223	686
406	485
373	583
56	866
182	972
81	25
772	680
555	218
594	942
204	319
339	561
389	659
537	138
329	655
853	633
105	467
826	496
91	762
268	224
684	374
599	183
960	773
133	595
483	340
995	538
699	854
911	827
581	269
245	600
235	134
984	996
864	912
121	246
440	985
358	122
970	359
947	948
3	155
1023	77
23	401
324	230
516	511
616	152
678	383
434	693
311	651
1020	305
216	175
37	274
261	846
197	74
940	114
574	476
13	41
20	768
317	427
209	933
521	668
48	398
559	841
487	458
27	629
321	97
657	286
764	586
775	564
856	227
136	830
987	125
157	890
513	551
653	368
848	979
43	611
670	508
631	1006
566	189
892	463
613	752
465	873
423	921
280	421
645	149
494	63
415	605
621	278
675	590
760	925
796	726
167	643
528	380
222	69
344	747
405	492
431	349
372	739
929	722
55	413
902	690
181	500
813	250
80	619
308	200
771	51
100	859
554	673
755	648
593	531
352	905
203	758
1017	1014
338	807
664	639
388	794
1011	302
536	711
293	785
328	165
213	335
852	898
800	704
104	526
804	172
825	109
734	868
90	220
34	661
267	469
394	376
683	342
636	271
598	914
999	361
959	403
258	385
132	177
821	116
482	429
791	843
994	288
449	832
698	370
194	1008
910	875
837	65
580	927
299	71
244	741
143	502
234	53
937	533
983	809
730	713
863	900
708	111
120	471
717	916
439	179
571	290
357	877
454	743
969	811
782	473
946	879
542	881
2	78
618	231
1022	153
199	694
22	306
50	275
323	75
858	477
515	769
672	934
615	399
647	459
677	98
530	587
433	228
904	126
310	552
757	980
1019	509
1013	190
215	753
806	922
36	150
638	606
260	591
793	727
196	381
301	748
939	350
710	723
573	691
784	251
12	201
164	860
19	649
334	906
316	1015
897	640
208	303
703	786
520	336
525	705
47	173
171	869
558	662
108	377
486	272
867	362
26	386
219	117
320	844
660	833
656	1009
468	66
763	72
375	503
774	534
341	714
855	112
270	917
135	291
913	744
986	474
360	882
156	326
402	436
512	39
384	576
652	211
176	489
847	766
115	989
42	850
428	568
669	425
842	417
630	798
287	346
565	931
831	815
891	102
369	354
612	666
1007	295
464	802
874	736
422	396
64	1001
279	823
926	451
644	839
70	145
493	732
740	719
414	456
501	544
620	88
52	966
674	627
532	240
759	32
808	410
795	95
712	444
166	265
899	779
527	284
110	59
221	392
470	687
343	584
915	973
404	681
178	943
430	562
289	139
371	634
876	497
928	225
742	184
54	596
810	539
901	828
472	601
180	997
878	247
812	123
880	949
79	957
154	956
307	888
76	955
770	256
400	887
99	549
229	954
553	130
510	255
754	366
151	886
592	819
382	548
351	977
692	953
202	480
650	129
1016	609
304	254
337	789
174	365
663	506
273	885
387	992
845	818
1010	1004
73	547
535	447
113	976
292	187
475	952
327	696
40	479
212	461
767	128
851	192
426	608
799	750
932	253
103	908
667	788
803	871
397	364
824	835
840	505
733	919
457	884
89	578
628	991
33	419
96	817
266	297
285	1003
393	147
585	546
682	242
563	446
635	61
226	975
597	141
829	186
998	603
124	951
958	232
889	695
257	276
550	478
131	935
367	460
820	588
978	127
481	981
610	191
790	923
507	607
993	728
1005	749
448	724
188	252
697	861
462	907
193	641
751	787
909	706
872	870
836	378
920	363
579	118
420	834
298	67
148	504
243	715
62	918
142	745
604	883
233	437
277	577
936	490
589	990
982	569
924	418
729	347
725	816
862	355
642	296
707	737
379	1002
119	452
68	146
716	720
746	545
438	967
491	241
570	411
348	445
356	780
738	60
453	688
721	974
968	944
412	140
781	498
689	185
945	540
499	602
541	248
249	950
0	2
10	618
9	1022
86	199
8	22
162	50
85	323
964	858
7	515
17	672
161	615
625	647
84	677
332	530
963	433
238	904
6	310
314	757
16	1019
30	1013
160	215
895	806
624	36
408	638
83	260
206	793
331	196
93	301
962	939
701	710
237	573
442	784
5	12
518	164
313	19
263	334
15	316
523	897
29	208
777	703
159	520
45	525
894	47
282	171
623	558
169	108
407	486
57	867
82	26
556	219
205	320
390	660
330	656
106	468
92	763
685	375
961	774
484	341
700	855
582	270
236	135
865	913
441	986
971	360
4	156
24	402
517	512
679	384
312	652
217	176
262	847
941	115
14	42
318	428
522	669
560	842
28	630
658	287
776	565
137	831
158	891
654	369
44	612
632	1007
893	464
466	874
281	422
495	64
622	279
761	926
168	644
223	70
406	493
373	740
56	414
182	501
81	620
772	52
555	674
594	532
204	759
339	808
389	795
537	712
329	166
853	899
105	527
826	110
91	221
268	470
684	343
599	915
960	404
133	178
483	430
995	289
699	371
911	876
581	928
245	742
235	54
984	810
864	901
121	472
440	180
358	878
970	812
947	880
3	79
1023	154
23	307
324	76
516	770
616	400
678	99
434	229
311	553
1020	510
216	754
37	151
261	592
197	382
940	351
574	692
13	202
20	650
317	1016
209	304
521	337
48	174
559	663
487	273
27	387
321	845
657	1010
764	73
775	535
856	113
136	292
987	475
157	327
513	40
653	212
848	767
43	851
670	426
631	799
566	932
892	103
613	667
465	803
423	397
280	824
645	840
494	733
415	457
621	89
675	628
760	33
796	96
167	266
528	285
222	393
344	585
405	682
431	563
372	635
929	226
55	597
902	829
181	998
813	124
80	958
308	889
771	257
100	550
554	131
755	367
593	820
352	978
203	481
1017	610
338	790
664	507
388	993
1011	1005
536	448
293	188
328	697
213	462
852	193
800	751
104	909
804	872
825	836
734	920
90	579
34	420
267	298
394	148
683	243
636	62
598	142
999	604
959	233
258	277
132	936
821	589
482	982
791	924
994	729
449	725
698	862
194	642
910	707
837	379
580	119
299	68
244	716
143	746
234	438
937	491
983	570
730	348
863	356
708	738
120	453
717	721
439	968
571	412
357	781
454	689
969	945
782	499
946	541
542	249
1	78
325	231
617	153
435	694
1021	306
38	275
198	75
575	477
21	769
210	934
49	399
488	459
322	98
765	587
857	228
988	126
514	552
849	980
671	509
567	190
614	753
424	922
646	150
416	606
676	591
797	727
529	381
345	748
432	350
930	723
903	691
814	251
309	201
101	860
756	649
353	906
1018	1015
665	640
1012	303
294	786
214	336
801	705
805	173
735	869
35	662
395	377
637	272
1000	362
259	386
822	117
792	844
450	833
195	1009
838	66
300	72
144	503
938	534
731	714
709	112
718	917
572	291
455	744
783	474
543	882
11	326
87	436
163	39
965	576
18	211
626	489
333	766
239	989
315	850
31	568
896	425
409	417
207	798
94	346
702	931
443	815
519	102
264	354
524	666
778	295
46	802
283	736
170	396
58	1001
557	823
391	451
107	839
686	145
485	732
583	719
866	456
972	544
25	88
680	966
218	627
942	240
319	32
561	410
659	95
138	444
655	265
633	779
467	284
496	59
762	392
224	687
374	584
183	973
773	681
595	943
340	562
538	139
854	634
827	497
269	225
600	184
134	596
996	539
912	828
246	601
985	997
122	247
359	123
948	949
155	957
77	956
401	888
230	955
511	256
152	887
383	549
693	954
651	130
305	255
175	366
274	886
846	819
74	548
114	977
476	953
41	480
768	129
427	609
933	254
668	789
398	365
841	506
458	885
629	992
97	818
286	1004
586	547
564	447
227	976
830	187
125	952
890	696
551	479
368	461
979	128
611	192
508	608
1006	750
189	253
463	908
752	788
873	871
921	364
421	835
149	505
63	919
605	884
278	578
590	991
925	419
726	817
643	297
380	1003
69	147
747	546
492	242
349	446
739	61
722	975
413	141
690	186
500	603
250	951
619	232
200	695
51	276
859	478
673	935
648	460
531	588
905	127
758	981
1014	191
807	923
639	607
794	728
302	749
711	724
785	252
165	861
335	907
898	641
704	787
526	706
172	870
109	378
868	363
220	118
661	834
469	67
376	504
342	715
271	918
914	745
361	883
403	437
385	577
177	490
116	990
429	569
843	418
288	347
832	816
370	355
1008	296
875	737
65	1002
927	452
71	146
741	720
502	545
53	967
533	241
809	411
713	445
900	780
111	60
471	688
916	974
179	944
290	140
877	498
743	185
811	540
473	602
879	248
881	950
0	3
10	1023
9	23
86	324
8	516
162	616
85	678
964	434
7	311
17	1020
161	216
625	37
84	261
332	197
963	940
238	574
6	13
314	20
16	317
30	209
160	521
895	48
624	559
408	487
83	27
206	321
331	657
93	764
962	775
701	856
237	136
442	987
5	157
518	513
313	653
263	848
15	43
523	670
29	631
777	566
159	892
45	613
894	465
282	423
623	280
169	645
407	494
57	415
82	621
556	675
205	760
390	796
330	167
106	528
92	222
685	344
961	405
484	431
700	372
582	929
236	55
865	902
441	181
971	813
4	80
24	308
517	771
679	100
312	554
217	755
262	593
941	352
14	203
318	1017
522	338
560	664
28	388
658	1011
776	536
137	293
158	328
654	213
44	852
632	800
893	104
466	804
281	825
495	734
622	90
761	34
168	267
223	394
406	683
373	636
56	598
182	999
81	959
772	258
555	132
594	821
204	482
339	791
389	994
537	449
329	698
853	194
105	910
826	837
91	580
268	299
684	244
599	143
960	234
133	937
483	983
995	730
699	863
911	708
581	120
245	717
235	439
984	571
864	357
121	454
440	969
358	782
970	946
947	542
1	155
325	77
617	401
435	230
1021	511
38	152
198	383
575	693
21	651
210	305
49	175
488	274
322	846
765	74
857	114
988	476
514	41
849	768
671	427
567	933
614	668
424	398
646	841
416	458
676	629
797	97
529	286
345	586
432	564
930	227
903	830
814	125
309	890
101	551
756	368
353	979
1018	611
665	508
1012	1006
294	189
214	463
801	752
805	873
735	921
35	421
395	149
637	63
1000	605
259	278
822	590
792	925
450	726
195	643
838	380
300	69
144	747
938	492
731	349
709	739
718	722
572	413
455	690
783	500
543	250
11	619
87	200
163	51
965	859
18	673
626	648
333	531
239	905
315	758
31	1014
896	807
409	639
207	794
94	302
702	711
443	785
519	165
264	335
524	898
778	704
46	526
283	172
170	109
58	868
557	220
391	661
107	469
686	376
485	342
583	271
866	914
972	361
25	403
680	385
218	177
942	116
319	429
561	843
659	288
138	832
655	370
633	1008
467	875
496	65
762	927
224	71
374	741
183	502
773	53
595	533
340	809
538	713
854	900
827	111
269	471
600	916
134	179
996	290
912	877
246	743
985	811
122	473
359	879
948	881
2	79
618	154
1022	307
199	76
22	770
50	400
323	99
858	229
515	553
672	510
615	754
647	151
677	592
530	382
433	351
904	692
310	202
757	650
1019	1016
1013	304
215	337
806	174
36	663
638	273
260	387
793	845
196	1010
301	73
939	535
710	113
573	292
784	475
12	327
164	40
19	212
334	767
316	851
897	426
208	799
703	932
520	103
525	667
47	803
171	397
558	824
108	840
486	733
867	457
26	89
219	628
320	33
660	96
656	266
468	285
763	393
375	585
774	682
341	563
855	635
270	226
135	597
913	829
986	998
360	124
156	958
402	889
512	257
384	550
652	131
176	367
847	820
115	978
42	481
428	610
669	790
842	507
630	993
287	1005
565	448
831	188
891	697
369	462
612	193
1007	751
464	909
874	872
422	836
64	920
279	579
926	420
644	298
70	148
493	243
740	62
414	142
501	604
620	233
52	277
674	936
532	589
759	982
808	924
795	729
712	725
166	862
899	642
527	707
110	379
221	119
470	68
343	716
915	746
404	438
178	491
430	570
289	348
371	356
876	738
928	453
742	721
54	968
810	412
901	781
472	689
180	945
878	499
812	541
880	249
78	957
231	956
153	888
694	955
306	256
275	887
75	549
477	954
769	130
934	255
399	366
459	886
98	819
587	548
228	977
126	953
552	480
980	129
509	609
190	254
753	789
922	365
150	506
606	885
591	992
727	818
381	1004
748	547
350	447
723	976
691	187
251	952
201	696
860	479
649	461
906	128
1015	192
640	608
303	750
786	253
336	908
705	788
173	871
869	364
662	835
377	505
272	919
362	884
386	578
117	991
844	419
833	817
1009	297
66	1003
72	147
503	546
534	242
714	446
112	61
917	975
291	141
744	186
474	603
882	951
326	232
436	695
39	276
576	478
211	935
489	460
766	588
989	127
850	981
568	191
425	923
417	607
798	728
346	749
931	724
815	252
102	861
354	907
666	641
295	787
802	706
736	870
396	378
1001	363
823	118
451	834
839	67
145	504
732	715
719	918
456	745
544	883
88	437
966	577
627	490
240	990
32	569
410	418
95	347
444	816
265	355
779	296
284	737
59	1002
392	452
687	146
584	720
973	545
681	967
943	241
562	411
139	445
634	780
497	60
225	688
184	974
596	944
539	140
828	498
601	185
997	540
247	602
123	248
949	950
0	4
10	24
9	517
86	679
8	312
162	217
85	262
964	941
7	14
17	318
161	522
625	560
84	28
332	658
963	776
238	137
6	158
314	654
16	44
30	632
160	893
895	466
624	281
408	495
83	622
206	761
331	168
93	223
962	406
701	373
237	56
442	182
5	81
518	772
313	555
263	594
15	204
523	339
29	389
777	537
159	329
45	853
894	105
282	826
623	91
169	268
407	684
57	599
82	960
556	133
205	483
390	995
330	699
106	911
92	581
685	245
961	235
484	984
700	864
582	121
236	440
865	358
441	970
971	947
1	11
325	87
617	163
435	965
1021	18
38	626
198	333
575	239
21	315
210	31
49	896
488	409
322	207
765	94
857	702
988	443
514	519
849	264
671	524
567	778
614	46
424	283
646	170
416	58
676	557
797	391
529	107
345	686
432	485
930	583
903	866
814	972
309	25
101	680
756	218
353	942
1018	319
665	561
1012	659
294	138
214	655
801	633
805	467
735	496
35	762
395	224
637	374
1000	183
259	773
822	595
792	340
450	538
195	854
838	827
300	269
144	600
938	134
731	996
709	912
718	246
572	985
455	122
783	359
543	948
3	80
1023	308
23	771
324	100
516	554
616	755
678	593
434	352
311	203
1020	1017
216	338
37	664
261	388
197	1011
940	536
574	293
13	328
20	213
317	852
209	800
521	104
48	804
559	825
487	734
27	90
321	34
657	267
764	394
775	683
856	636
136	598
987	999
157	959
513	258
653	132
848	821
43	482
670	791
631	994
566	449
892	698
613	194
465	910
423	837
280	580
645	299
494	244
415	143
621	234
675	937
760	983
796	730
167	863
528	708
222	120
344	717
405	439
431	571
372	357
929	454
55	969
902	782
181	946
813	542
155	619
77	200
401	51
230	859
511	673
152	648
383	531
693	905
651	758
305	1014
175	807
274	639
846	794
74	302
114	711
476	785
41	165
768	335
427	898
933	704
668	526
398	172
841	109
458	868
629	220
97	661
286	469
586	376
564	342
227	271
830	914
125	361
890	403
551	385
368	177
979	116
611	429
508	843
1006	288
189	832
463	370
752	1008
873	875
921	65
421	927
149	71
63	741
605	502
278	53
590	533
925	809
726	713
643	900
380	111
69	471
747	916
492	179
349	290
739	877
722	743
413	811
690	473
500	879
250	881
2	156
618	402
1022	512
199	384
22	652
50	176
323	847
858	115
515	42
672	428
615	669
647	842
677	630
530	287
433	565
904	831
310	891
757	369
1019	612
1013	1007
215	464
806	874
36	422
638	64
260	279
793	926
196	644
301	70
939	493
710	740
573	414
784	501
12	620
164	52
19	674
334	532
316	759
897	808
208	795
703	712
520	166
525	899
47	527
171	110
558	221
108	470
486	343
867	915
26	404
219	178
320	430
660	289
656	371
468	876
763	928
375	742
774	54
341	810
855	901
270	472
135	180
913	878
986	812
360	880
78	326
231	436
153	39
694	576
306	211
275	489
75	766
477	989
769	850
934	568
399	425
459	417
98	798
587	346
228	931
126	815
552	102
980	354
509	666
190	295
753	802
922	736
150	396
606	1001
591	823
727	451
381	839
748	145
350	732
723	719
691	456
251	544
201	88
860	966
649	627
906	240
1015	32
640	410
303	95
786	444
336	265
705	779
173	284
869	59
662	392
377	687
272	584
362	973
386	681
117	943
844	562
833	139
1009	634
66	497
72	225
503	184
534	596
714	539
112	828
917	601
291	997
744	247
474	123
882	949
79	958
154	889
307	257
76	550
770	131
400	367
99	820
229	978
553	481
510	610
754	790
151	507
592	993
382	1005
351	448
692	188
202	697
650	462
1016	193
304	751
337	909
174	872
663	836
273	920
387	579
845	420
1010	298
73	148
535	243
113	62
292	142
475	604
327	233
40	277
212	936
767	589
851	982
426	924
799	729
932	725
103	862
667	642
803	707
397	379
824	119
840	68
733	716
457	746
89	438
628	491
33	570
96	348
266	356
285	738
393	453
585	721
682	968
563	412
635	781
226	689
597	945
829	499
998	541
124	249
957	232
956	695
888	276
955	478
256	935
887	460
549	588
954	127
130	981
255	191
366	923
886	607
819	728
548	749
977	724
953	252
480	861
129	907
609	641
254	787
789	706
365	870
506	378
885	363
992	118
818	834
1004	67
547	504
447	715
976	918
187	745
952	883
696	437
479	577
461	490
128	990
192	569
608	418
750	347
253	816
908	355
788	296
871	737
364	1002
835	452
505	146
919	720
884	545
578	967
991	241
419	411
817	445
297	780
1003	60
147	688
546	974
242	944
446	140
61	498
975	185
141	540
186	602
603	248
951	950
0	5
10	518
9	313
86	263
8	15
162	523
85	29
964	777
7	159
17	45
161	894
625	282
84	623
332	169
963	407
238	57
6	82
314	556
16	205
30	390
160	330
895	106
624	92
408	685
83	961
206	484
331	700
93	582
962	236
701	865
237	441
442	971
1	309
325	101
617	756
435	353
1021	1018
38	665
198	1012
575	294
21	214
210	801
49	805
488	735
322	35
765	395
857	637
988	1000
514	259
849	822
671	792
567	450
614	195
424	838
646	300
416	144
676	938
797	731
529	709
345	718
432	572
930	455
903	783
814	543
4	81
24	772
517	555
679	594
312	204
217	339
262	389
941	537
14	329
318	853
522	105
560	826
28	91
658	268
776	684
137	599
158	960
654	133
44	483
632	995
893	699
466	911
281	581
495	245
622	235
761	984
168	864
223	121
406	440
373	358
56	970
182	947
11	25
87	680
163	218
965	942
18	319
626	561
333	659
239	138
315	655
31	633
896	467
409	496
207	762
94	224
702	374
443	183
519	773
264	595
524	340
778	538
46	854
283	827
170	269
58	600
557	134
391	996
107	912
686	246
485	985
583	122
866	359
972	948
3	157
1023	513
23	653
324	848
516	43
616	670
678	631
434	566
311	892
1020	613
216	465
37	423
261	280
197	645
940	494
574	415
13	621
20	675
317	760
209	796
521	167
48	528
559	222
487	344
27	405
321	431
657	372
764	929
775	55
856	902
136	181
987	813
155	890
77	551
401	368
230	979
511	611
152	508
383	1006
693	189
651	463
305	752
175	873
274	921
846	421
74	149
114	63
476	605
41	278
768	590
427	925
933	726
668	643
398	380
841	69
458	747
629	492
97	349
286	739
586	722
564	413
227	690
830	500
125	250
80	959
308	258
771	132
100	821
554	482
755	791
593	994
352	449
203	698
1017	194
338	910
664	837
388	580
1011	299
536	244
293	143
328	234
213	937
852	983
800	730
104	863
804	708
825	120
734	717
90	439
34	571
267	357
394	454
683	969
636	782
598	946
999	542
619	403
200	385
51	177
859	116
673	429
648	843
531	288
905	832
758	370
1014	1008
807	875
639	65
794	927
302	71
711	741
785	502
165	53
335	533
898	809
704	713
526	900
172	111
109	471
868	916
220	179
661	290
469	877
376	743
342	811
271	473
914	879
361	881
2	12
618	164
1022	19
199	334
22	316
50	897
323	208
858	703
515	520
672	525
615	47
647	171
677	558
530	108
433	486
904	867
310	26
757	219
1019	320
1013	660
215	656
806	468
36	763
638	375
260	774
793	341
196	855
301	270
939	135
710	913
573	986
784	360
78	201
231	860
153	649
694	906
306	1015
275	640
75	303
477	786
769	336
934	705
399	173
459	869
98	662
587	377
228	272
126	362
552	386
980	117
509	844
190	833
753	1009
922	66
150	72
606	503
591	534
727	714
381	112
748	917
350	291
723	744
691	474
251	882
156	620
402	52
512	674
384	532
652	759
176	808
847	795
115	712
42	166
428	899
669	527
842	110
630	221
287	470
565	343
831	915
891	404
369	178
612	430
1007	289
464	371
874	876
422	928
64	742
279	54
926	810
644	901
70	472
493	180
740	878
414	812
501	880
326	88
436	966
39	627
576	240
211	32
489	410
766	95
989	444
850	265
568	779
425	284
417	59
798	392
346	687
931	584
815	973
102	681
354	943
666	562
295	139
802	634
736	497
396	225
1001	184
823	596
451	539
839	828
145	601
732	997
719	247
456	123
544	949
79	327
154	40
307	212
76	767
770	851
400	426
99	799
229	932
553	103
510	667
754	803
151	397
592	824
382	840
351	733
692	457
202	89
650	628
1016	33
304	96
337	266
174	285
663	393
273	585
387	682
845	563
1010	635
73	226
535	597
113	829
292	998
475	124
957	696
956	479
888	461
955	128
256	192
887	608
549	750
954	253
130	908
255	788
366	871
886	364
819	835
548	505
977	919
953	884
480	578
129	991
609	419
254	817
789	297
365	1003
506	147
885	546
992	242
818	446
1004	61
547	975
447	141
976	186
187	603
952	951
958	233
889	277
257	936
550	589
131	982
367	924
820	729
978	725
481	862
610	642
790	707
507	379
993	119
1005	68
448	716
188	746
697	438
462	491
193	570
751	348
909	356
872	738
836	453
920	721
579	968
420	412
298	781
148	689
243	945
62	499
142	541
604	249
232	437
695	577
276	490
478	990
935	569
460	418
588	347
127	816
981	355
191	296
923	737
607	1002
728	452
749	146
724	720
252	545
861	967
907	241
641	411
787	445
706	780
870	60
378	688
363	974
118	944
834	140
67	498
504	185
715	540
918	602
745	248
883	950
0	6
10	314
9	16
86	30
8	160
162	895
85	624
964	408
7	83
17	206
161	331
625	93
84	962
332	701
963	237
238	442
1	514
325	849
617	671
435	567
1021	614
38	424
198	646
575	416
21	676
210	797
49	529
488	345
322	432
765	930
857	903
988	814
5	82
518	556
313	205
263	390
15	330
523	106
29	92
777	685
159	961
45	484
894	700
282	582
623	236
169	865
407	441
57	971
309	259
101	822
756	792
353	450
1018	195
665	838
1012	300
294	144
214	938
801	731
805	709
735	718
35	572
395	455
637	783
1000	543
4	158
24	654
517	44
679	632
312	893
217	466
262	281
941	495
14	622
318	761
522	168
560	223
28	406
658	373
776	56
137	182
11	519
87	264
163	524
965	778
18	46
626	283
333	170
239	58
315	557
31	391
896	107
409	686
207	485
94	583
702	866
443	972
81	960
772	133
555	483
594	995
204	699
339	911
389	581
537	245
329	235
853	984
105	864
826	121
91	440
268	358
684	970
599	947
25	773
680	595
218	340
942	538
319	854
561	827
659	269
138	600
655	134
633	996
467	912
496	246
762	985
224	122
374	359
183	948
3	13
1023	20
23	317
324	209
516	521
616	48
678	559
434	487
311	27
1020	321
216	657
37	764
261	775
197	856
940	136
574	987
155	41
77	768
401	427
230	933
511	668
152	398
383	841
693	458
651	629
305	97
175	286
274	586
846	564
74	227
114	830
476	125
157	621
513	675
653	760
848	796
43	167
670	528
631	222
566	344
892	405
613	431
465	372
423	929
280	55
645	902
494	181
415	813
890	278
551	590
368	925
979	726
611	643
508	380
1006	69
189	747
463	492
752	349
873	739
921	722
421	413
149	690
63	500
605	250
80	328
308	213
771	852
100	800
554	104
755	804
593	825
352	734
203	90
1017	34
338	267
664	394
388	683
1011	636
536	598
293	999
619	165
200	335
51	898
859	704
673	526
648	172
531	109
905	868
758	220
1014	661
807	469
639	376
794	342
302	271
711	914
785	361
959	234
258	937
132	983
821	730
482	863
791	708
994	120
449	717
698	439
194	571
910	357
837	454
580	969
299	782
244	946
143	542
403	53
385	533
177	809
116	713
429	900
843	111
288	471
832	916
370	179
1008	290
875	877
65	743
927	811
71	473
741	879
502	881
2	310
618	757
1022	1019
199	1013
22	215
50	806
323	36
858	638
515	260
672	793
615	196
647	301
677	939
530	710
433	573
904	784
78	552
231	980
153	509
694	190
306	753
275	922
75	150
477	606
769	591
934	727
399	381
459	748
98	350
587	723
228	691
126	251
12	26
164	219
19	320
334	660
316	656
897	468
208	763
703	375
520	774
525	341
47	855
171	270
558	135
108	913
486	986
867	360
201	386
860	117
649	844
906	833
1015	1009
640	66
303	72
786	503
336	534
705	714
173	112
869	917
662	291
377	744
272	474
362	882
156	891
402	369
512	612
384	1007
652	464
176	874
847	422
115	64
42	279
428	926
669	644
842	70
630	493
287	740
565	414
831	501
326	102
436	354
39	666
576	295
211	802
489	736
766	396
989	1001
850	823
568	451
425	839
417	145
798	732
346	719
931	456
815	544
620	404
52	178
674	430
532	289
759	371
808	876
795	928
712	742
166	54
899	810
527	901
110	472
221	180
470	878
343	812
915	880
88	681
966	943
627	562
240	139
32	634
410	497
95	225
444	184
265	596
779	539
284	828
59	601
392	997
687	247
584	123
973	949
79	202
154	650
307	1016
76	304
770	337
400	174
99	663
229	273
553	387
510	845
754	1010
151	73
592	535
382	113
351	292
692	475
957	480
956	129
888	609
955	254
256	789
887	365
549	506
954	885
130	992
255	818
366	1004
886	547
819	447
548	976
977	187
953	952
327	89
40	628
212	33
767	96
851	266
426	285
799	393
932	585
103	682
667	563
803	635
397	226
824	597
840	829
733	998
457	124
696	578
479	991
461	419
128	817
192	297
608	1003
750	147
253	546
908	242
788	446
871	61
364	975
835	141
505	186
919	603
884	951
958	697
889	462
257	193
550	751
131	909
367	872
820	836
978	920
481	579
610	420
790	298
507	148
993	243
1005	62
448	142
188	604
232	861
695	907
276	641
478	787
935	706
460	870
588	378
127	363
981	118
191	834
923	67
607	504
728	715
749	918
724	745
252	883
233	438
277	491
936	570
589	348
982	356
924	738
729	453
725	721
862	968
642	412
707	781
379	689
119	945
68	499
716	541
746	249
437	967
577	241
490	411
990	445
569	780
418	60
347	688
816	974
355	944
296	140
737	498
1002	185
452	540
146	602
720	248
545	950
0	7
10	17
9	161
86	625
8	84
162	332
85	963
964	238
1	21
325	210
617	49
435	488
1021	322
38	765
198	857
575	988
6	83
314	206
16	331
30	93
160	962
895	701
624	237
408	442
514	676
849	797
671	529
567	345
614	432
424	930
646	903
416	814
5	159
518	45
313	894
263	282
15	623
523	169
29	407
777	57
309	214
101	801
756	805
353	735
1018	35
665	395
1012	637
294	1000
82	961
556	484
205	700
390	582
330	236
106	865
92	441
685	971
259	938
822	731
792	709
450	718
195	572
838	455
300	783
144	543
4	14
24	318
517	522
679	560
312	28
217	658
262	776
941	137
11	315
87	31
163	896
965	409
18	207
626	94
333	702
239	443
158	622
654	761
44	168
632	223
893	406
466	373
281	56
495	182
519	557
264	391
524	107
778	686
46	485
283	583
170	866
58	972
81	329
772	853
555	105
594	826
204	91
339	268
389	684
537	599
25	655
680	633
218	467
942	496
319	762
561	224
659	374
138	183
960	235
133	984
483	864
995	121
699	440
911	358
581	970
245	947
773	134
595	996
340	912
538	246
854	985
827	122
269	359
600	948
3	311
1023	1020
23	216
324	37
516	261
616	197
678	940
434	574
155	651
77	305
401	175
230	274
511	846
152	74
383	114
693	476
13	27
20	321
317	657
209	764
521	775
48	856
559	136
487	987
41	629
768	97
427	286
933	586
668	564
398	227
841	830
458	125
157	892
513	613
653	465
848	423
43	280
670	645
631	494
566	415
890	463
551	752
368	873
979	921
611	421
508	149
1006	63
189	605
621	405
675	431
760	372
796	929
167	55
528	902
222	181
344	813
278	492
590	349
925	739
726	722
643	413
380	690
69	500
747	250
80	203
308	1017
771	338
100	664
554	388
755	1011
593	536
352	293
619	758
200	1014
51	807
859	639
673	794
648	302
531	711
905	785
328	90
213	34
852	267
800	394
104	683
804	636
825	598
734	999
165	220
335	661
898	469
704	376
526	342
172	271
109	914
868	361
959	698
258	194
132	910
821	837
482	580
791	299
994	244
449	143
403	370
385	1008
177	875
116	65
429	927
843	71
288	741
832	502
234	439
937	571
983	357
730	454
863	969
708	782
120	946
717	542
53	179
533	290
809	877
713	743
900	811
111	473
471	879
916	881
2	515
618	672
1022	615
199	647
22	677
50	530
323	433
858	904
78	769
231	934
153	399
694	459
306	98
275	587
75	228
477	126
310	260
757	793
1019	196
1013	301
215	939
806	710
36	573
638	784
552	591
980	727
509	381
190	748
753	350
922	723
150	691
606	251
12	520
164	525
19	47
334	171
316	558
897	108
208	486
703	867
201	336
860	705
649	173
906	869
1015	662
640	377
303	272
786	362
26	774
219	341
320	855
660	270
656	135
468	913
763	986
375	360
386	534
117	714
844	112
833	917
1009	291
66	744
72	474
503	882
156	42
402	428
512	669
384	842
652	630
176	287
847	565
115	831
326	850
436	568
39	425
576	417
211	798
489	346
766	931
989	815
891	279
369	926
612	644
1007	70
464	493
874	740
422	414
64	501
102	823
354	451
666	839
295	145
802	732
736	719
396	456
1001	544
620	166
52	899
674	527
532	110
759	221
808	470
795	343
712	915
88	265
966	779
627	284
240	59
32	392
410	687
95	584
444	973
404	54
178	810
430	901
289	472
371	180
876	878
928	812
742	880
681	596
943	539
562	828
139	601
634	997
497	247
225	123
184	949
79	553
154	510
307	754
76	151
770	592
400	382
99	351
229	692
957	130
956	255
888	366
955	886
256	819
887	548
549	977
954	953
202	387
650	845
1016	1010
304	73
337	535
174	113
663	292
273	475
480	992
129	818
609	1004
254	547
789	447
365	976
506	187
885	952
327	103
40	667
212	803
767	397
851	824
426	840
799	733
932	457
696	908
479	788
461	871
128	364
192	835
608	505
750	919
253	884
89	682
628	563
33	635
96	226
266	597
285	829
393	998
585	124
578	242
991	446
419	61
817	975
297	141
1003	186
147	603
546	951
958	481
889	610
257	790
550	507
131	993
367	1005
820	448
978	188
232	981
695	191
276	923
478	607
935	728
460	749
588	724
127	252
697	579
462	420
193	298
751	148
909	243
872	62
836	142
920	604
861	118
907	834
641	67
787	504
706	715
870	918
378	745
363	883
233	862
277	642
936	707
589	379
982	119
924	68
729	716
725	746
437	355
577	296
490	737
990	1002
569	452
418	146
347	720
816	545
438	968
491	412
570	781
348	689
356	945
738	499
453	541
721	249
967	944
241	140
411	498
445	185
780	540
60	602
688	248
974	950
0	8
10	162
9	85
86	964
1	1021
325	38
617	198
435	575
7	84
17	332
161	963
625	238
21	322
210	765
49	857
488	988
6	160
314	895
16	624
30	408
514	614
849	424
671	646
567	416
83	962
206	701
331	237
93	442
676	432
797	930
529	903
345	814
5	15
518	523
313	29
263	777
309	1018
101	665
756	1012
353	294
159	623
45	169
894	407
282	57
214	35
801	395
805	637
735	1000
82	330
556	106
205	92
390	685
259	195
822	838
792	300
450	144
961	236
484	865
700	441
582	971
938	572
731	455
709	783
718	543
4	312
24	217
517	262
679	941
11	18
87	626
163	333
965	239
14	28
318	658
522	776
560	137
315	207
31	94
896	702
409	443
158	893
654	466
44	281
632	495
519	46
264	283
524	170
778	58
622	406
761	373
168	56
223	182
557	485
391	583
107	866
686	972
81	204
772	339
555	389
594	537
25	319
680	561
218	659
942	138
329	91
853	268
105	684
826	599
655	762
633	224
467	374
496	183
960	699
133	911
483	581
995	245
773	854
595	827
340	269
538	600
235	440
984	358
864	970
121	947
134	985
996	122
912	359
246	948
3	516
1023	616
23	678
324	434
155	511
77	152
401	383
230	693
311	261
1020	197
216	940
37	574
651	846
305	74
175	114
274	476
13	521
20	48
317	559
209	487
41	668
768	398
427	841
933	458
27	775
321	856
657	136
764	987
629	564
97	227
286	830
586	125
157	43
513	670
653	631
848	566
890	611
551	508
368	1006
979	189
892	280
613	645
465	494
423	415
463	421
752	149
873	63
921	605
621	167
675	528
760	222
796	344
278	643
590	380
925	69
726	747
405	55
431	902
372	181
929	813
492	413
349	690
739	500
722	250
80	554
308	755
771	593
100	352
619	673
200	648
51	531
859	905
203	388
1017	1011
338	536
664	293
758	794
1014	302
807	711
639	785
328	104
213	804
852	825
800	734
165	526
335	172
898	109
704	868
90	683
34	636
267	598
394	999
220	342
661	271
469	914
376	361
959	482
258	791
132	994
821	449
403	429
385	843
177	288
116	832
698	580
194	299
910	244
837	143
370	927
1008	71
875	741
65	502
234	863
937	708
983	120
730	717
53	900
533	111
809	471
713	916
439	969
571	782
357	946
454	542
179	811
290	473
877	879
743	881
2	22
618	50
1022	323
199	858
78	306
231	275
153	75
694	477
515	677
672	530
615	433
647	904
769	98
934	587
399	228
459	126
310	215
757	806
1019	36
1013	638
552	753
980	922
509	150
190	606
260	939
793	710
196	573
301	784
591	350
727	723
381	691
748	251
12	316
164	897
19	208
334	703
201	1015
860	640
649	303
906	786
520	558
525	108
47	486
171	867
336	662
705	377
173	272
869	362
26	656
219	468
320	763
660	375
386	1009
117	66
844	72
833	503
774	135
341	913
855	986
270	360
534	291
714	744
112	474
917	882
156	652
402	176
512	847
384	115
326	211
436	489
39	766
576	989
42	630
428	287
669	565
842	831
850	798
568	346
425	931
417	815
891	464
369	874
612	422
1007	64
102	802
354	736
666	396
295	1001
279	493
926	740
644	414
70	501
823	732
451	719
839	456
145	544
620	759
52	808
674	795
532	712
88	32
966	410
627	95
240	444
166	221
899	470
527	343
110	915
265	392
779	687
284	584
59	973
404	371
178	876
430	928
289	742
681	634
943	497
562	225
139	184
54	180
810	878
901	812
472	880
596	997
539	247
828	123
601	949
79	770
154	400
307	99
76	229
957	256
956	887
888	549
955	954
553	592
510	382
754	351
151	692
130	819
255	548
366	977
886	953
202	337
650	174
1016	663
304	273
480	789
129	365
609	506
254	885
387	535
845	113
1010	292
73	475
992	447
818	976
1004	187
547	952
327	851
40	426
212	799
767	932
696	192
479	608
461	750
128	253
103	824
667	840
803	733
397	457
908	835
788	505
871	919
364	884
89	266
628	285
33	393
96	585
578	297
991	1003
419	147
817	546
682	597
563	829
635	998
226	124
242	141
446	186
61	603
975	951
958	131
889	367
257	820
550	978
232	935
695	460
276	588
478	127
481	993
610	1005
790	448
507	188
981	728
191	749
923	724
607	252
697	909
462	872
193	836
751	920
861	706
907	870
641	378
787	363
579	243
420	62
298	142
148	604
118	715
834	918
67	745
504	883
233	982
277	924
936	729
589	725
437	569
577	418
490	347
990	816
862	119
642	68
707	716
379	746
355	452
296	146
737	720
1002	545
438	356
491	738
570	453
348	721
967	780
241	60
411	688
445	974
968	945
412	499
781	541
689	249
944	540
140	602
498	248
185	950
0	9
10	86
1	617
325	435
8	85
162	964
1021	198
38	575
7	161
17	625
21	49
210	488
84	963
332	238
322	857
765	988
6	16
314	30
514	671
849	567
160	624
895	408
614	646
424	416
83	331
206	93
676	529
797	345
962	237
701	442
432	903
930	814
5	313
518	263
309	756
101	353
15	29
523	777
1018	1012
665	294
159	894
45	282
214	805
801	735
623	407
169	57
35	637
395	1000
82	205
556	390
259	792
822	450
330	92
106	685
195	300
838	144
961	700
484	582
938	709
731	718
236	441
865	971
572	783
455	543
4	517
24	679
11	163
87	965
312	262
217	941
18	333
626	239
14	522
318	560
315	896
31	409
28	776
658	137
207	702
94	443
158	44
654	632
519	524
264	778
893	281
466	495
46	170
283	58
622	168
761	223
557	107
391	686
406	56
373	182
485	866
583	972
81	555
772	594
25	218
680	942
204	389
339	537
319	659
561	138
329	105
853	826
655	467
633	496
91	684
268	599
762	374
224	183
960	483
133	995
773	340
595	538
699	581
911	245
854	269
827	600
235	864
984	121
134	912
996	246
440	970
358	947
985	359
122	948
3	23
1023	324
155	401
77	230
516	678
616	434
511	383
152	693
311	216
1020	37
651	175
305	274
261	940
197	574
846	114
74	476
13	317
20	209
41	427
768	933
521	559
48	487
668	841
398	458
27	657
321	764
629	286
97	586
775	136
856	987
564	830
227	125
157	653
513	848
890	368
551	979
43	631
670	566
611	1006
508	189
892	465
613	423
463	873
752	921
280	494
645	415
421	63
149	605
621	760
675	796
278	925
590	726
167	222
528	344
643	69
380	747
405	372
431	929
492	739
349	722
55	181
902	813
413	500
690	250
80	771
308	100
619	51
200	859
554	593
755	352
673	531
648	905
203	338
1017	664
758	807
1014	639
388	536
1011	293
794	711
302	785
328	852
213	800
165	898
335	704
104	825
804	734
526	109
172	868
90	267
34	394
220	469
661	376
683	598
636	999
342	914
271	361
959	132
258	821
403	177
385	116
482	994
791	449
429	288
843	832
698	910
194	837
370	875
1008	65
580	244
299	143
927	741
71	502
234	983
937	730
53	809
533	713
863	120
708	717
900	471
111	916
439	357
571	454
179	877
290	743
969	946
782	542
811	879
473	881
2	1022
618	199
78	153
231	694
22	323
50	858
306	75
275	477
515	615
672	647
769	399
934	459
677	433
530	904
98	228
587	126
310	1019
757	1013
552	509
980	190
215	36
806	638
753	150
922	606
260	196
793	301
591	381
727	748
939	573
710	784
350	691
723	251
12	19
164	334
201	649
860	906
316	208
897	703
1015	303
640	786
520	47
525	171
336	173
705	869
558	486
108	867
662	272
377	362
26	320
219	660
386	844
117	833
656	763
468	375
1009	72
66	503
774	855
341	270
534	112
714	917
135	986
913	360
291	474
744	882
156	512
402	384
326	39
436	576
652	847
176	115
211	766
489	989
42	669
428	842
850	425
568	417
630	565
287	831
798	931
346	815
891	612
369	1007
102	666
354	295
464	422
874	64
802	396
736	1001
279	644
926	70
823	839
451	145
493	414
740	501
732	456
719	544
620	674
52	532
88	627
966	240
759	795
808	712
32	95
410	444
166	527
899	110
265	284
779	59
221	343
470	915
392	584
687	973
404	430
178	289
681	562
943	139
371	928
876	742
634	225
497	184
54	901
810	472
596	828
539	601
180	812
878	880
997	123
247	949
79	307
154	76
957	888
956	955
770	99
400	229
256	549
887	954
553	754
510	151
130	366
255	886
592	351
382	692
819	977
548	953
202	1016
650	304
480	609
129	254
337	663
174	273
789	506
365	885
387	1010
845	73
992	1004
818	547
535	292
113	475
447	187
976	952
327	212
40	767
696	461
479	128
851	799
426	932
192	750
608	253
103	803
667	397
908	871
788	364
824	733
840	457
835	919
505	884
89	33
628	96
578	419
991	817
266	393
285	585
297	147
1003	546
682	635
563	226
242	61
446	975
597	998
829	124
141	603
186	951
958	257
889	550
232	276
695	478
131	820
367	978
935	588
460	127
481	790
610	507
981	923
191	607
993	448
1005	188
728	724
749	252
697	193
462	751
861	641
907	787
909	836
872	920
706	378
870	363
579	298
420	148
118	67
834	504
243	142
62	604
715	745
918	883
233	936
277	589
437	490
577	990
982	729
924	725
569	347
418	816
862	707
642	379
355	737
296	1002
119	716
68	746
452	720
146	545
438	570
491	348
967	411
241	445
356	453
738	721
780	688
60	974
968	781
412	689
944	498
140	185
945	541
499	249
540	248
602	950
0	10
1	325
9	86
617	435
8	162
1021	38
85	964
198	575
7	17
21	210
161	625
49	488
84	332
322	765
963	238
857	988
6	314
514	849
16	30
671	567
160	895
614	424
624	408
646	416
83	206
676	797
331	93
529	345
962	701
432	930
237	442
903	814
5	518
309	101
313	263
756	353
15	523
1018	665
29	777
1012	294
159	45
214	801
894	282
805	735
623	169
35	395
407	57
637	1000
82	556
259	822
205	390
792	450
330	106
195	838
92	685
300	144
961	484
938	731
700	582
709	718
236	865
572	455
441	971
783	543
4	24
11	87
517	679
163	965
312	217
18	626
262	941
333	239
14	318
315	31
522	560
896	409
28	658
207	94
776	137
702	443
158	654
519	264
44	632
524	778
893	466
46	283
281	495
170	58
622	761
557	391
168	223
107	686
406	373
485	583
56	182
866	972
81	772
25	680
555	594
218	942
204	339
319	561
389	537
659	138
329	853
655	633
105	826
467	496
91	268
762	224
684	599
374	183
960	133
773	595
483	995
340	538
699	911
854	827
581	245
269	600
235	984
134	996
864	121
912	246
440	358
985	122
970	947
359	948
3	1023
155	77
23	324
401	230
516	616
511	152
678	434
383	693
311	1020
651	305
216	37
175	274
261	197
846	74
940	574
114	476
13	20
41	768
317	209
427	933
521	48
668	398
559	487
841	458
27	321
629	97
657	764
286	586
775	856
564	227
136	987
830	125
157	513
890	551
653	848
368	979
43	670
611	508
631	566
1006	189
892	613
463	752
465	423
873	921
280	645
421	149
494	415
63	605
621	675
278	590
760	796
925	726
167	528
643	380
222	344
69	747
405	431
492	349
372	929
739	722
55	902
413	690
181	813
500	250
80	308
619	200
771	100
51	859
554	755
673	648
593	352
531	905
203	1017
758	1014
338	664
807	639
388	1011
794	302
536	293
711	785
328	213
165	335
852	800
898	704
104	804
526	172
825	734
109	868
90	34
220	661
267	394
469	376
683	636
342	271
598	999
914	361
959	258
403	385
132	821
177	116
482	791
429	843
994	449
288	832
698	194
370	1008
910	837
875	65
580	299
927	71
244	143
741	502
234	937
53	533
983	730
809	713
863	708
900	111
120	717
471	916
439	571
179	290
357	454
877	743
969	782
811	473
946	542
879	881
2	618
78	231
1022	199
153	694
22	50
306	275
323	858
75	477
515	672
769	934
615	647
399	459
677	530
98	587
433	904
228	126
310	757
552	980
1019	1013
509	190
215	806
753	922
36	638
150	606
260	793
591	727
196	301
381	748
939	710
350	723
573	784
691	251
12	164
201	860
19	334
649	906
316	897
1015	640
208	703
303	786
520	525
336	705
47	171
173	869
558	108
662	377
486	867
272	362
26	219
386	117
320	660
844	833
656	468
1009	66
763	375
72	503
774	341
534	714
855	270
112	917
135	913
291	744
986	360
474	882
156	402
326	436
512	384
39	576
652	176
211	489
847	115
766	989
42	428
850	568
669	842
425	417
630	287
798	346
565	831
931	815
891	369
102	354
612	1007
666	295
464	874
802	736
422	64
396	1001
279	926
823	451
644	70
839	145
493	740
732	719
414	501
456	544
620	52
88	966
674	532
627	240
759	808
32	410
795	712
95	444
166	899
265	779
527	110
284	59
221	470
392	687
343	915
584	973
404	178
681	943
430	289
562	139
371	876
634	497
928	742
225	184
54	810
596	539
901	472
828	601
180	878
997	247
812	880
123	949
79	154
957	956
307	76
888	955
770	400
256	887
99	229
549	954
553	510
130	255
754	151
366	886
592	382
819	548
351	692
977	953
202	650
480	129
1016	304
609	254
337	174
789	365
663	273
506	885
387	845
992	818
1010	73
1004	547
535	113
447	976
292	475
187	952
327	40
696	479
212	767
461	128
851	426
192	608
799	932
750	253
103	667
908	788
803	397
871	364
824	840
835	505
733	457
919	884
89	628
578	991
33	96
419	817
266	285
297	1003
393	585
147	546
682	563
242	446
635	226
61	975
597	829
141	186
998	124
603	951
958	889
232	695
257	550
276	478
131	367
935	460
820	978
588	127
481	610
981	191
790	507
923	607
993	1005
728	749
448	188
724	252
697	462
861	907
193	751
641	787
909	872
706	870
836	920
378	363
579	420
118	834
298	148
67	504
243	62
715	918
142	604
745	883
233	277
437	577
936	589
490	990
982	924
569	418
729	725
347	816
862	642
355	296
707	379
737	1002
119	68
452	146
716	746
720	545
438	491
967	241
570	348
411	445
356	738
780	60
453	721
688	974
968	412
944	140
781	689
498	185
945	499
540	602
541	249
248	950
