0	1
8	113
7	192
32	46
6	139
56	64
31	67
204	90
5	101
228	166
55	209
109	162
30	182
243	87
203	95
80	175
4	224
104	75
227	153
197	24
54	148
145	136
108	59
12	246
29	194
18	69
242	211
252	97
202	155
133	61
79	213
117	215
3	51
141	129
103	222
184	124
226	37
150	189
196	73
157	170
53	142
39	185
144	151
42	158
107	40
21	43
11	22
231	232
28	105
50	198
17	146
128	13
241	19
221	253
251	134
123	118
201	9
36	33
132	57
188	205
78	229
72	110
116	244
169	81
2	26
193	248
140	99
68	217
102	48
210	92
183	164
96	177
225	15
154	120
149	207
60	83
195	126
212	172
156	160
214	234
52	239
223	238
38	180
74	237
143	219
152	179
41	85
23	236
106	249
147	218
20	93
135	178
10	121
58	84
230	173
245	235
27	199
100	14
49	254
165	119
16	34
208	206
127	111
161	82
240	130
181	125
220	190
86	171
250	186
94	159
122	44
174	233
200	76
255	25
35	137
112	247
131	70
191	98
187	62
45	216
77	114
138	47
71	65
63	91
115	167
66	163
168	88
89	176
0	2
8	193
7	140
32	68
6	102
56	210
31	183
204	96
5	225
228	154
55	149
109	60
30	195
243	212
203	156
80	214
4	52
104	223
227	38
197	74
54	143
145	152
108	41
12	23
29	106
18	147
242	20
252	135
202	10
133	58
79	230
117	245
3	27
141	100
103	49
184	165
226	16
150	208
196	127
157	161
53	240
39	181
144	220
42	86
107	250
21	94
11	122
231	174
28	200
50	255
17	35
128	112
241	131
221	191
251	187
123	45
201	77
36	138
132	71
188	63
78	115
72	66
116	168
169	89
1	26
113	248
192	99
46	217
139	48
64	92
67	164
90	177
101	15
166	120
209	207
162	83
182	126
87	172
95	160
175	234
224	239
75	238
153	180
24	237
148	219
136	179
59	85
246	236
194	249
69	218
211	93
97	178
155	121
61	84
213	173
215	235
51	199
129	14
222	254
124	119
37	34
189	206
73	111
170	82
142	130
185	125
151	190
158	171
40	186
43	159
22	44
232	233
105	76
198	25
146	137
13	247
19	70
253	98
134	62
118	216
9	114
33	47
57	65
205	91
229	167
110	163
244	88
81	176
0	3
8	141
7	103
32	184
6	226
56	150
31	196
204	157
5	53
228	39
55	144
109	42
30	107
243	21
203	11
80	231
4	28
104	50
227	17
197	128
54	241
145	221
108	251
12	123
29	201
18	36
242	132
252	188
202	78
133	72
79	116
117	169
1	51
113	129
192	222
46	124
139	37
64	189
67	73
90	170
101	142
166	185
209	151
162	158
182	40
87	43
95	22
175	232
224	105
75	198
153	146
24	13
148	19
136	253
59	134
246	118
194	9
69	33
211	57
97	205
155	229
61	110
213	244
215	81
2	27
193	100
140	49
68	165
102	16
210	208
183	127
96	161
225	240
154	181
149	220
60	86
195	250
212	94
156	122
214	174
52	200
223	255
38	35
74	112
143	131
152	191
41	187
23	45
106	77
147	138
20	71
135	63
10	115
58	66
230	168
245	89
26	199
248	14
99	254
217	119
48	34
92	206
164	111
177	82
15	130
120	125
207	190
83	171
126	186
172	159
160	44
234	233
239	76
238	25
180	137
237	247
219	70
179	98
85	62
236	216
249	114
218	47
93	65
178	91
121	167
84	163
173	88
235	176
0	4
8	104
7	227
32	197
6	54
56	145
31	108
204	12
5	29
228	18
55	242
109	252
30	202
243	133
203	79
80	117
1	224
113	75
192	153
46	24
139	148
64	136
67	59
90	246
101	194
166	69
209	211
162	97
182	155
87	61
95	213
175	215
3	28
141	50
103	17
184	128
226	241
150	221
196	251
157	123
53	201
39	36
144	132
42	188
107	78
21	72
11	116
231	169
51	105
129	198
222	146
124	13
37	19
189	253
73	134
170	118
142	9
185	33
151	57
158	205
40	229
43	110
22	244
232	81
2	52
193	223
140	38
68	74
102	143
210	152
183	41
96	23
225	106
154	147
149	20
60	135
195	10
212	58
156	230
214	245
26	239
248	238
99	180
217	237
48	219
92	179
164	85
177	236
15	249
120	218
207	93
83	178
126	121
172	84
160	173
234	235
27	200
100	255
49	35
165	112
16	131
208	191
127	187
161	45
240	77
181	138
220	71
86	63
250	115
94	66
122	168
174	89
199	76
14	25
254	137
119	247
34	70
206	98
111	62
82	216
130	114
125	47
190	65
171	91
186	167
159	163
44	88
233	176
0	5
8	228
7	55
32	109
6	30
56	243
31	203
204	80
1	101
113	166
192	209
46	162
139	182
64	87
67	95
90	175
4	29
104	18
227	242
197	252
54	202
145	133
108	79
12	117
224	194
75	69
153	211
24	97
148	155
136	61
59	213
246	215
3	53
141	39
103	144
184	42
226	107
150	21
196	11
157	231
51	142
129	185
222	151
124	158
37	40
189	43
73	22
170	232
28	201
50	36
17	132
128	188
241	78
221	72
251	116
123	169
105	9
198	33
146	57
13	205
19	229
253	110
134	244
118	81
2	225
193	154
140	149
68	60
102	195
210	212
183	156
96	214
26	15
248	120
99	207
217	83
48	126
92	172
164	160
177	234
52	106
223	147
38	20
74	135
143	10
152	58
41	230
23	245
239	249
238	218
180	93
237	178
219	121
179	84
85	173
236	235
27	240
100	181
49	220
165	86
16	250
208	94
127	122
161	174
199	130
14	125
254	190
119	171
34	186
206	159
111	44
82	233
200	77
255	138
35	71
112	63
131	115
191	66
187	168
45	89
76	114
25	47
137	65
247	91
70	167
98	163
62	88
216	176
0	6
8	56
7	31
32	204
1	139
113	64
192	67
46	90
5	30
228	243
55	203
109	80
101	182
166	87
209	95
162	175
4	54
104	145
227	108
197	12
224	148
75	136
153	59
24	246
29	202
18	133
242	79
252	117
194	155
69	61
211	213
97	215
3	226
141	150
103	196
184	157
51	37
129	189
222	73
124	170
53	107
39	21
144	11
42	231
142	40
185	43
151	22
158	232
28	241
50	221
17	251
128	123
105	19
198	253
146	134
13	118
201	78
36	72
132	116
188	169
9	229
33	110
57	244
205	81
2	102
193	210
140	183
68	96
26	48
248	92
99	164
217	177
225	195
154	212
149	156
60	214
15	126
120	172
207	160
83	234
52	143
223	152
38	41
74	23
239	219
238	179
180	85
237	236
106	10
147	58
20	230
135	245
249	121
218	84
93	173
178	235
27	16
100	208
49	127
165	161
199	34
14	206
254	111
119	82
240	250
181	94
220	122
86	174
130	186
125	159
190	44
171	233
200	131
255	191
35	187
112	45
76	70
25	98
137	62
247	216
77	115
138	66
71	168
63	89
114	167
47	163
65	88
91	176
0	7
8	32
1	192
113	46
6	31
56	204
139	67
64	90
5	55
228	109
101	209
166	162
30	203
243	80
182	95
87	175
4	227
104	197
224	153
75	24
54	108
145	12
148	59
136	246
29	242
18	252
194	211
69	97
202	79
133	117
155	213
61	215
3	103
141	184
51	222
129	124
226	196
150	157
37	73
189	170
53	144
39	42
142	151
185	158
107	11
21	231
40	22
43	232
28	17
50	128
105	146
198	13
241	251
221	123
19	134
253	118
201	132
36	188
9	57
33	205
78	116
72	169
229	244
110	81
2	140
193	68
26	99
248	217
102	183
210	96
48	164
92	177
225	149
154	60
15	207
120	83
195	156
212	214
126	160
172	234
52	38
223	74
239	180
238	237
143	41
152	23
219	85
179	236
106	20
147	135
249	93
218	178
10	230
58	245
121	173
84	235
27	49
100	165
199	254
14	119
16	127
208	161
34	111
206	82
240	220
181	86
130	190
125	171
250	122
94	174
186	44
159	233
200	35
255	112
76	137
25	247
131	187
191	45
70	62
98	216
77	71
138	63
114	65
47	91
115	168
66	89
167	88
163	176
0	8
1	113
7	32
192	46
6	56
139	64
31	204
67	90
5	228
101	166
55	109
209	162
30	243
182	87
203	80
95	175
4	104
224	75
227	197
153	24
54	145
148	136
108	12
59	246
29	18
194	69
242	252
211	97
202	133
155	61
79	117
213	215
3	141
51	129
103	184
222	124
226	150
37	189
196	157
73	170
53	39
142	185
144	42
151	158
107	21
40	43
11	231
22	232
28	50
105	198
17	128
146	13
241	221
19	253
251	123
134	118
201	36
9	33
132	188
57	205
78	72
229	110
116	169
244	81
2	193
26	248
140	68
99	217
102	210
48	92
183	96
164	177
225	154
15	120
149	60
207	83
195	212
126	172
156	214
160	234
52	223
239	238
38	74
180	237
143	152
219	179
41	23
85	236
106	147
249	218
20	135
93	178
10	58
121	84
230	245
173	235
27	100
199	14
49	165
254	119
16	208
34	206
127	161
111	82
240	181
130	125
220	86
190	171
250	94
186	159
122	174
44	233
200	255
76	25
35	112
137	247
131	191
70	98
187	45
62	216
77	138
114	47
71	63
65	91
115	66
167	163
168	89
88	176
