0	1
9	19
8	68
138	478
7	330
267	154
137	174
297	446
6	508
426	144
266	467
219	181
136	500
241	484
296	410
396	204
5	10
14	139
425	268
337	298
265	427
74	220
218	242
370	397
135	15
24	338
240	75
44	371
295	25
348	45
395	349
382	383
4	421
511	130
13	148
18	342
424	96
67	363
336	191
477	197
264	64
329	417
73	33
153	303
217	115
173	459
369	283
445	452
134	333
507	503
23	430
143	28
239	99
466	118
43	102
180	313
294	474
499	126
347	273
483	435
394	310
409	56
381	160
203	85
3	261
332	39
510	259
502	494
12	471
429	79
17	37
27	277
423	326
98	187
66	257
117	320
335	123
101	225
476	492
312	249
263	70
473	176
328	469
125	412
72	270
272	244
152	77
434	351
216	150
309	193
172	35
55	285
368	432
159	104
444	275
84	162
133	214
420	235
506	324
129	289
22	307
147	439
142	185
341	375
238	170
95	92
465	255
362	210
42	53
190	356
179	318
196	402
293	366
63	462
498	121
416	59
346	157
32	487
482	223
302	48
393	442
114	359
408	490
458	231
380	82
282	228
202	247
451	107
2	131
69	343
331	364
175	198
509	418
468	304
501	460
411	453
11	504
269	29
428	119
243	314
16	127
76	436
26	57
350	86
422	20
149	479
97	155
192	447
65	145
34	182
116	485
284	205
334	140
431	299
100	221
103	398
475	339
274	372
311	46
161	384
262	236
260	290
472	440
38	376
327	93
258	211
124	357
493	403
71	463
470	60
271	488
78	49
151	360
36	232
433	229
276	108
215	40
325	495
308	80
186	278
171	188
256	321
54	226
319	250
367	177
122	413
158	245
224	352
443	194
491	286
83	105
248	163
132	291
365	377
419	212
461	404
505	61
120	50
128	233
58	109
21	496
156	279
146	322
486	251
141	414
222	353
340	287
47	164
237	344
441	199
94	305
358	454
464	30
489	315
361	437
230	87
41	480
81	448
189	183
227	206
178	300
246	399
195	373
106	385
292	391
213	390
62	168
234	389
497	112
323	167
415	90
288	388
345	406
306	111
31	253
438	166
481	456
184	89
301	208
374	387
392	378
169	405
113	51
91	110
407	280
254	252
457	354
209	165
379	200
52	455
281	316
355	88
201	449
317	207
450	400
401	386
0	2
9	69
8	331
138	175
7	509
267	468
137	501
297	411
6	11
426	269
266	428
219	243
136	16
241	76
296	26
396	350
5	422
14	149
425	97
337	192
265	65
74	34
218	116
370	284
135	334
24	431
240	100
44	103
295	475
348	274
395	311
382	161
4	262
511	260
13	472
18	38
424	327
67	258
336	124
477	493
264	71
329	470
73	271
153	78
217	151
173	36
369	433
445	276
134	215
507	325
23	308
143	186
239	171
466	256
43	54
180	319
294	367
499	122
347	158
483	224
394	443
409	491
381	83
203	248
3	132
332	365
510	419
502	461
12	505
429	120
17	128
27	58
423	21
98	156
66	146
117	486
335	141
101	222
476	340
312	47
263	237
473	441
328	94
125	358
72	464
272	489
152	361
434	230
216	41
309	81
172	189
55	227
368	178
159	246
444	195
84	106
133	292
420	213
506	62
129	234
22	497
147	323
142	415
341	288
238	345
95	306
465	31
362	438
42	481
190	184
179	301
196	374
293	392
63	169
498	113
416	91
346	407
32	254
482	457
302	209
393	379
114	52
408	281
458	355
380	201
282	317
202	450
451	401
1	131
19	343
68	364
478	198
330	418
154	304
174	460
446	453
508	504
144	29
467	119
181	314
500	127
484	436
410	57
204	86
10	20
139	479
268	155
298	447
427	145
220	182
242	485
397	205
15	140
338	299
75	221
371	398
25	339
45	372
349	46
383	384
421	236
130	290
148	440
342	376
96	93
363	211
191	357
197	403
64	463
417	60
33	488
303	49
115	360
459	232
283	229
452	108
333	40
503	495
430	80
28	278
99	188
118	321
102	226
313	250
474	177
126	413
273	245
435	352
310	194
56	286
160	105
85	163
261	291
39	377
259	212
494	404
471	61
79	50
37	233
277	109
326	496
187	279
257	322
320	251
123	414
225	353
492	287
249	164
70	344
176	199
469	305
412	454
270	30
244	315
77	437
351	87
150	480
193	448
35	183
285	206
432	300
104	399
275	373
162	385
214	391
235	390
324	168
289	389
307	112
439	167
185	90
375	388
170	406
92	111
255	253
210	166
53	456
356	89
318	208
402	387
366	378
462	405
121	51
59	110
157	280
487	252
223	354
48	165
442	200
359	455
490	316
231	88
82	449
228	207
247	400
107	386
0	3
9	332
8	510
138	502
7	12
267	429
137	17
297	27
6	423
426	98
266	66
219	117
136	335
241	101
296	476
396	312
5	263
14	473
425	328
337	125
265	72
74	272
218	152
370	434
135	216
24	309
240	172
44	55
295	368
348	159
395	444
382	84
4	133
511	420
13	506
18	129
424	22
67	147
336	142
477	341
264	238
329	95
73	465
153	362
217	42
173	190
369	179
445	196
134	293
507	63
23	498
143	416
239	346
466	32
43	482
180	302
294	393
499	114
347	408
483	458
394	380
409	282
381	202
203	451
1	261
19	39
68	259
478	494
330	471
154	79
174	37
446	277
508	326
144	187
467	257
181	320
500	123
484	225
410	492
204	249
10	70
139	176
268	469
298	412
427	270
220	244
242	77
397	351
15	150
338	193
75	35
371	285
25	432
45	104
349	275
383	162
421	214
130	235
148	324
342	289
96	307
363	439
191	185
197	375
64	170
417	92
33	255
303	210
115	53
459	356
283	318
452	402
333	366
503	462
430	121
28	59
99	157
118	487
102	223
313	48
474	442
126	359
273	490
435	231
310	82
56	228
160	247
85	107
2	132
69	365
331	419
175	461
509	505
468	120
501	128
411	58
11	21
269	156
428	146
243	486
16	141
76	222
26	340
350	47
422	237
149	441
97	94
192	358
65	464
34	489
116	361
284	230
334	41
431	81
100	189
103	227
475	178
274	246
311	195
161	106
262	292
260	213
472	62
38	234
327	497
258	323
124	415
493	288
71	345
470	306
271	31
78	438
151	481
36	184
433	301
276	374
215	392
325	169
308	113
186	91
171	407
256	254
54	457
319	209
367	379
122	52
158	281
224	355
443	201
491	317
83	450
248	401
131	291
343	377
364	212
198	404
418	61
304	50
460	233
453	109
504	496
29	279
119	322
314	251
127	414
436	353
57	287
86	164
20	344
479	199
155	305
447	454
145	30
182	315
485	437
205	87
140	480
299	448
221	183
398	206
339	300
372	399
46	373
384	385
236	391
290	390
440	168
376	389
93	112
211	167
357	90
403	388
463	406
60	111
488	253
49	166
360	456
232	89
229	208
108	387
40	378
495	405
80	51
278	110
188	280
321	252
226	354
250	165
177	200
413	455
245	316
352	88
194	449
286	207
105	400
163	386
0	4
9	511
8	13
138	18
7	424
267	67
137	336
297	477
6	264
426	329
266	73
219	153
136	217
241	173
296	369
396	445
5	134
14	507
425	23
337	143
265	239
74	466
218	43
370	180
135	294
24	499
240	347
44	483
295	394
348	409
395	381
382	203
1	421
19	130
68	148
478	342
330	96
154	363
174	191
446	197
508	64
144	417
467	33
181	303
500	115
484	459
410	283
204	452
10	333
139	503
268	430
298	28
427	99
220	118
242	102
397	313
15	474
338	126
75	273
371	435
25	310
45	56
349	160
383	85
3	133
332	420
510	506
502	129
12	22
429	147
17	142
27	341
423	238
98	95
66	465
117	362
335	42
101	190
476	179
312	196
263	293
473	63
328	498
125	416
72	346
272	32
152	482
434	302
216	393
309	114
172	408
55	458
368	380
159	282
444	202
84	451
261	214
39	235
259	324
494	289
471	307
79	439
37	185
277	375
326	170
187	92
257	255
320	210
123	53
225	356
492	318
249	402
70	366
176	462
469	121
412	59
270	157
244	487
77	223
351	48
150	442
193	359
35	490
285	231
432	82
104	228
275	247
162	107
2	262
69	260
331	472
175	38
509	327
468	258
501	124
411	493
11	71
269	470
428	271
243	78
16	151
76	36
26	433
350	276
422	215
149	325
97	308
192	186
65	171
34	256
116	54
284	319
334	367
431	122
100	158
103	224
475	443
274	491
311	83
161	248
131	236
343	290
364	440
198	376
418	93
304	211
460	357
453	403
504	463
29	60
119	488
314	49
127	360
436	232
57	229
86	108
20	40
479	495
155	80
447	278
145	188
182	321
485	226
205	250
140	177
299	413
221	245
398	352
339	194
372	286
46	105
384	163
132	292
365	213
419	62
461	234
505	497
120	323
128	415
58	288
21	345
156	306
146	31
486	438
141	481
222	184
340	301
47	374
237	392
441	169
94	113
358	91
464	407
489	254
361	457
230	209
41	379
81	52
189	281
227	355
178	201
246	317
195	450
106	401
291	391
377	390
212	168
404	389
61	112
50	167
233	90
109	388
496	406
279	111
322	253
251	166
414	456
353	89
287	208
164	387
344	378
199	405
305	51
454	110
30	280
315	252
437	354
87	165
480	200
448	455
183	316
206	88
300	449
399	207
373	400
385	386
0	5
9	14
8	425
138	337
7	265
267	74
137	218
297	370
6	135
426	24
266	240
219	44
136	295
241	348
296	395
396	382
1	10
19	139
68	268
478	298
330	427
154	220
174	242
446	397
508	15
144	338
467	75
181	371
500	25
484	45
410	349
204	383
4	134
511	507
13	23
18	143
424	239
67	466
336	43
477	180
264	294
329	499
73	347
153	483
217	394
173	409
369	381
445	203
421	333
130	503
148	430
342	28
96	99
363	118
191	102
197	313
64	474
417	126
33	273
303	435
115	310
459	56
283	160
452	85
3	263
332	473
510	328
502	125
12	72
429	272
17	152
27	434
423	216
98	309
66	172
117	55
335	368
101	159
476	444
312	84
261	70
39	176
259	469
494	412
471	270
79	244
37	77
277	351
326	150
187	193
257	35
320	285
123	432
225	104
492	275
249	162
133	293
420	63
506	498
129	416
22	346
147	32
142	482
341	302
238	393
95	114
465	408
362	458
42	380
190	282
179	202
196	451
214	366
235	462
324	121
289	59
307	157
439	487
185	223
375	48
170	442
92	359
255	490
210	231
53	82
356	228
318	247
402	107
2	422
69	149
331	97
175	192
509	65
468	34
501	116
411	284
11	334
269	431
428	100
243	103
16	475
76	274
26	311
350	161
131	20
343	479
364	155
198	447
418	145
304	182
460	485
453	205
504	140
29	299
119	221
314	398
127	339
436	372
57	46
86	384
262	215
260	325
472	308
38	186
327	171
258	256
124	54
493	319
71	367
470	122
271	158
78	224
151	443
36	491
433	83
276	248
236	40
290	495
440	80
376	278
93	188
211	321
357	226
403	250
463	177
60	413
488	245
49	352
360	194
232	286
229	105
108	163
132	237
365	441
419	94
461	358
505	464
120	489
128	361
58	230
21	41
156	81
146	189
486	227
141	178
222	246
340	195
47	106
291	344
377	199
212	305
404	454
61	30
50	315
233	437
109	87
496	480
279	448
322	183
251	206
414	300
353	399
287	373
164	385
292	392
213	169
62	113
234	91
497	407
323	254
415	457
288	209
345	379
306	52
31	281
438	355
481	201
184	317
301	450
374	401
391	378
390	405
168	51
389	110
112	280
167	252
90	354
388	165
406	200
111	455
253	316
166	88
456	449
89	207
208	400
387	386
0	6
9	426
8	266
138	219
7	136
267	241
137	296
297	396
1	508
19	144
68	467
478	181
330	500
154	484
174	410
446	204
5	135
14	24
425	240
337	44
265	295
74	348
218	395
370	382
10	15
139	338
268	75
298	371
427	25
220	45
242	349
397	383
4	264
511	329
13	73
18	153
424	217
67	173
336	369
477	445
421	64
130	417
148	33
342	303
96	115
363	459
191	283
197	452
134	294
507	499
23	347
143	483
239	394
466	409
43	381
180	203
333	474
503	126
430	273
28	435
99	310
118	56
102	160
313	85
3	423
332	98
510	66
502	117
12	335
429	101
17	476
27	312
261	326
39	187
259	257
494	320
471	123
79	225
37	492
277	249
263	216
473	309
328	172
125	55
72	368
272	159
152	444
434	84
70	150
176	193
469	35
412	285
270	432
244	104
77	275
351	162
133	238
420	95
506	465
129	362
22	42
147	190
142	179
341	196
214	170
235	92
324	255
289	210
307	53
439	356
185	318
375	402
293	393
63	114
498	408
416	458
346	380
32	282
482	202
302	451
366	442
462	359
121	490
59	231
157	82
487	228
223	247
48	107
2	11
69	269
331	428
175	243
509	16
468	76
501	26
411	350
131	504
343	29
364	119
198	314
418	127
304	436
460	57
453	86
422	334
149	431
97	100
192	103
65	475
34	274
116	311
284	161
20	140
479	299
155	221
447	398
145	339
182	372
485	46
205	384
262	71
260	470
472	271
38	78
327	151
258	36
124	433
493	276
236	463
290	60
440	488
376	49
93	360
211	232
357	229
403	108
215	367
325	122
308	158
186	224
171	443
256	491
54	83
319	248
40	177
495	413
80	245
278	352
188	194
321	286
226	105
250	163
132	21
365	156
419	146
461	486
505	141
120	222
128	340
58	47
291	496
377	279
212	322
404	251
61	414
50	353
233	287
109	164
237	41
441	81
94	189
358	227
464	178
489	246
361	195
230	106
344	480
199	448
305	183
454	206
30	300
315	399
437	373
87	385
292	345
213	306
62	31
234	438
497	481
323	184
415	301
288	374
391	406
390	111
168	253
389	166
112	456
167	89
90	208
388	387
392	379
169	52
113	281
91	355
407	201
254	317
457	450
209	401
378	200
405	455
51	316
110	88
280	449
252	207
354	400
165	386
0	7
9	267
8	137
138	297
1	330
19	154
68	174
478	446
6	136
426	241
266	296
219	396
508	500
144	484
467	410
181	204
5	265
14	74
425	218
337	370
10	427
139	220
268	242
298	397
135	295
24	348
240	395
44	382
15	25
338	45
75	349
371	383
4	424
511	67
13	336
18	477
421	96
130	363
148	191
342	197
264	217
329	173
73	369
153	445
64	115
417	459
33	283
303	452
134	239
507	466
23	43
143	180
333	99
503	118
430	102
28	313
294	394
499	409
347	381
483	203
474	310
126	56
273	160
435	85
3	12
332	429
510	17
502	27
261	471
39	79
259	37
494	277
423	335
98	101
66	476
117	312
326	123
187	225
257	492
320	249
263	72
473	272
328	152
125	434
70	270
176	244
469	77
412	351
216	368
309	159
172	444
55	84
150	432
193	104
35	275
285	162
133	22
420	147
506	142
129	341
214	307
235	439
324	185
289	375
238	42
95	190
465	179
362	196
170	53
92	356
255	318
210	402
293	346
63	32
498	482
416	302
366	157
462	487
121	223
59	48
393	380
114	282
408	202
458	451
442	82
359	228
490	247
231	107
2	509
69	468
331	501
175	411
131	418
343	304
364	460
198	453
11	16
269	76
428	26
243	350
504	127
29	436
119	57
314	86
422	65
149	34
97	116
192	284
20	145
479	182
155	485
447	205
334	475
431	274
100	311
103	161
140	339
299	372
221	46
398	384
262	327
260	258
472	124
38	493
236	93
290	211
440	357
376	403
71	151
470	36
271	433
78	276
463	360
60	232
488	229
49	108
215	171
325	256
308	54
186	319
40	188
495	321
80	226
278	250
367	443
122	491
158	83
224	248
177	194
413	286
245	105
352	163
132	505
365	120
419	128
461	58
291	61
377	50
212	233
404	109
21	141
156	222
146	340
486	47
496	414
279	353
322	287
251	164
237	464
441	489
94	361
358	230
344	30
199	315
305	437
454	87
41	178
81	246
189	195
227	106
480	300
448	399
183	373
206	385
292	497
213	323
62	415
234	288
391	112
390	167
168	90
389	388
345	481
306	184
31	301
438	374
406	456
111	89
253	208
166	387
392	407
169	254
113	457
91	209
378	280
405	252
51	354
110	165
379	201
52	317
281	450
355	401
200	449
455	207
316	400
88	386
0	8
9	138
1	68
19	478
7	137
267	297
330	174
154	446
6	266
426	219
508	467
144	181
136	296
241	396
500	410
484	204
5	425
14	337
10	268
139	298
265	218
74	370
427	242
220	397
135	240
24	44
15	75
338	371
295	395
348	382
25	349
45	383
4	13
511	18
421	148
130	342
424	336
67	477
96	191
363	197
264	73
329	153
64	33
417	303
217	369
173	445
115	283
459	452
134	23
507	143
333	430
503	28
239	43
466	180
99	102
118	313
294	347
499	483
474	273
126	435
394	381
409	203
310	160
56	85
3	510
332	502
261	259
39	494
12	17
429	27
471	37
79	277
423	66
98	117
326	257
187	320
335	476
101	312
123	492
225	249
263	328
473	125
70	469
176	412
72	152
272	434
270	77
244	351
216	172
309	55
150	35
193	285
368	444
159	84
432	275
104	162
133	506
420	129
214	324
235	289
22	142
147	341
307	185
439	375
238	465
95	362
170	255
92	210
42	179
190	196
53	318
356	402
293	498
63	416
366	121
462	59
346	482
32	302
157	223
487	48
393	408
114	458
442	490
359	231
380	202
282	451
82	247
228	107
2	331
69	175
131	364
343	198
509	501
468	411
418	460
304	453
11	428
269	243
504	119
29	314
16	26
76	350
127	57
436	86
422	97
149	192
20	155
479	447
65	116
34	284
145	485
182	205
334	100
431	103
140	221
299	398
475	311
274	161
339	46
372	384
262	472
260	38
236	440
290	376
327	124
258	493
93	357
211	403
71	271
470	78
463	488
60	49
151	433
36	276
360	229
232	108
215	308
325	186
40	80
495	278
171	54
256	319
188	226
321	250
367	158
122	224
177	245
413	352
443	83
491	248
194	105
286	163
132	419
365	461
291	212
377	404
505	128
120	58
61	233
50	109
21	146
156	486
496	322
279	251
141	340
222	47
414	287
353	164
237	94
441	358
344	305
199	454
464	361
489	230
30	437
315	87
41	189
81	227
480	183
448	206
178	195
246	106
300	373
399	385
292	62
213	234
391	168
390	389
497	415
323	288
112	90
167	388
345	31
306	438
406	253
111	166
481	301
184	374
456	208
89	387
392	113
169	91
378	51
405	110
407	457
254	209
280	354
252	165
379	281
52	355
200	316
455	88
201	450
317	401
449	400
207	386
0	9
1	19
8	138
68	478
7	267
330	154
137	297
174	446
6	426
508	144
266	219
467	181
136	241
500	484
296	396
410	204
5	14
10	139
425	337
268	298
265	74
427	220
218	370
242	397
135	24
15	338
240	44
75	371
295	348
25	45
395	382
349	383
4	511
421	130
13	18
148	342
424	67
96	363
336	477
191	197
264	329
64	417
73	153
33	303
217	173
115	459
369	445
283	452
134	507
333	503
23	143
430	28
239	466
99	118
43	180
102	313
294	499
474	126
347	483
273	435
394	409
310	56
381	203
160	85
3	332
261	39
510	502
259	494
12	429
471	79
17	27
37	277
423	98
326	187
66	117
257	320
335	101
123	225
476	312
492	249
263	473
70	176
328	125
469	412
72	272
270	244
152	434
77	351
216	309
150	193
172	55
35	285
368	159
432	104
444	84
275	162
133	420
214	235
506	129
324	289
22	147
307	439
142	341
185	375
238	95
170	92
465	362
255	210
42	190
53	356
179	196
318	402
293	63
366	462
498	416
121	59
346	32
157	487
482	302
223	48
393	114
442	359
408	458
490	231
380	282
82	228
202	451
247	107
2	69
131	343
331	175
364	198
509	468
418	304
501	411
460	453
11	269
504	29
428	243
119	314
16	76
127	436
26	350
57	86
422	149
20	479
97	192
155	447
65	34
145	182
116	284
485	205
334	431
140	299
100	103
221	398
475	274
339	372
311	161
46	384
262	260
236	290
472	38
440	376
327	258
93	211
124	493
357	403
71	470
463	60
271	78
488	49
151	36
360	232
433	276
229	108
215	325
40	495
308	186
80	278
171	256
188	321
54	319
226	250
367	122
177	413
158	224
245	352
443	491
194	286
83	248
105	163
132	365
291	377
419	461
212	404
505	120
61	50
128	58
233	109
21	156
496	279
146	486
322	251
141	222
414	353
340	47
287	164
237	441
344	199
94	358
305	454
464	489
30	315
361	230
437	87
41	81
480	448
189	227
183	206
178	246
300	399
195	106
373	385
292	213
391	390
62	234
168	389
497	323
112	167
415	288
90	388
345	306
406	111
31	438
253	166
481	184
456	89
301	374
208	387
392	169
378	405
113	91
51	110
407	254
280	252
457	209
354	165
379	52
200	455
281	355
316	88
201	317
449	207
450	401
400	386
