0	1
6	63
5	25
11	62
4	33
16	24
10	46
30	61
3	13
35	32
15	53
51	23
9	49
38	45
29	42
21	60
2	7
26	12
34	17
47	31
14	36
54	52
50	39
43	22
8	27
18	48
37	55
40	44
28	19
56	41
20	57
58	59
0	2
6	26
5	34
11	47
4	14
16	54
10	50
30	43
3	8
35	18
15	37
51	40
9	28
38	56
29	20
21	58
1	7
63	12
25	17
62	31
33	36
24	52
46	39
61	22
13	27
32	48
53	55
23	44
49	19
45	41
42	57
60	59
0	3
6	35
5	15
11	51
4	9
16	38
10	29
30	21
1	13
63	32
25	53
62	23
33	49
24	45
46	42
61	60
2	8
26	18
34	37
47	40
14	28
54	56
50	20
43	58
7	27
12	48
17	55
31	44
36	19
52	41
39	57
22	59
0	4
6	16
5	10
11	30
1	33
63	24
25	46
62	61
3	9
35	38
15	29
51	21
13	49
32	45
53	42
23	60
2	14
26	54
34	50
47	43
7	36
12	52
17	39
31	22
8	28
18	56
37	20
40	58
27	19
48	41
55	57
44	59
0	5
6	11
1	25
63	62
4	10
16	30
33	46
24	61
3	15
35	51
13	53
32	23
9	29
38	21
49	42
45	60
2	34
26	47
7	17
12	31
14	50
54	43
36	39
52	22
8	37
18	40
27	55
48	44
28	20
56	58
19	57
41	59
0	6
1	63
5	11
25	62
4	16
33	24
10	30
46	61
3	35
13	32
15	51
53	23
9	38
49	45
29	21
42	60
2	26
7	12
34	47
17	31
14	54
36	52
50	43
39	22
8	18
27	48
37	40
55	44
28	56
19	41
20	58
57	59
